Validating C:\Users\antoi\Documents\projet optique\prototype\OPTIC-\runs\detect\train2\weights\best.pt...
Ultralytics 8.3.23 🚀 Python-3.11.9 torch-2.2.1+cu118 CUDA:0 (NVIDIA GeForce RTX 3070 Ti Laptop GPU, 8192MiB)
Model summary (fused): 168 layers, 3,301,040 parameters, 0 gradients, 9.4 GFLOPs
                 Class     Images  Instances      Box(P          R      mAP50  mAP50-95): 100%|██████████| 11/11 [00:02<00:00,  3.92it/s]
                   all        335       1614      0.884      0.898      0.947      0.662
                     -         39         57       0.95      0.994      0.994      0.608
             3_courbes          4          4      0.731          1      0.995      0.814
                     A         24         25      0.908          1      0.968      0.627
                     B         34         38      0.983      0.947      0.988      0.699
                     C         10         13      0.975          1      0.995      0.746
                     D         18         19      0.942      0.947       0.99      0.678
                     E          9          9      0.964          1      0.995      0.716
                     F         28         36      0.957          1      0.994      0.662
                     H         11         11      0.941          1      0.995      0.712
                     K         12         14      0.901          1      0.995      0.675
                     L         21         35      0.954          1      0.995      0.637
                     M         28         28      0.945          1      0.995       0.66
                     N         28         34      0.967          1      0.968      0.712
        N_check_double          1          1          1          0      0.497     0.0498
                     P         61         69      0.962          1      0.987      0.657
                     R         12         19      0.921          1      0.993      0.633
                     S         52         56      0.962          1      0.995       0.68
                     T         25         26      0.931      0.962      0.991      0.575
                     V         25         26      0.988          1      0.995      0.701
              V_cercle         20         20      0.967          1      0.995      0.803
                     W          9          9      0.931          1      0.995      0.753
                     X         10         14      0.941      0.929      0.941      0.646
                     Y         14         15      0.965          1      0.995      0.717
                     Z         18         18          1      0.829      0.995      0.735
                     a         13         13      0.874      0.923      0.915      0.528
             antislash         10         13      0.779      0.813      0.866      0.505
                   arc          6          6          1      0.993      0.995      0.816
                     b          5          5          1      0.964      0.995      0.737
               balance          1          1      0.631          1      0.995      0.697
     barre_horizontale         54         80      0.841      0.858      0.865       0.41
       barre_verticale         36         51      0.919      0.882      0.907      0.495
                cercle         36         48      0.964          1      0.995       0.67
                chemin          1          1      0.656          1      0.995      0.796
               chinois          5          5      0.908          1      0.995      0.765
                  cinq         49         51      0.943       0.98      0.994      0.631
                cintre          5          5      0.889          1      0.995      0.775
                 coupe          5          5      0.881          1      0.995      0.796
                courbe         29         56       0.87      0.929      0.948      0.512
               coureur          2          2      0.789          1      0.995      0.747
               crochet          1          1      0.831          1      0.995      0.697
                     d          5          9       0.87          1      0.995      0.615
                  deux         23         26          1      0.959      0.995      0.645
              double_-          9          9      0.936          1      0.995      0.731
                     e         41         41       0.96          1      0.995      0.724
       e_double_courbe          1          1      0.616          1      0.995      0.895
                e_oeil          3          3      0.444      0.667      0.681      0.648
              e_soleil          7          7      0.806          1      0.978      0.811
                etoile          4          4      0.965          1      0.995       0.81
                     f          1          1      0.692          1      0.995      0.796
              filament          1          1      0.608          1      0.995      0.597
              hexagone          1          1          1          0      0.995      0.597
                  huit         19         19          1      0.984      0.995      0.617
                     i         15         16      0.967          1      0.995      0.577
                     k          1          1      0.942          1      0.995      0.796
                     l          6          6      0.904          1      0.995      0.781
               losange          1          1          1          0      0.995      0.796
                  lune          2          2      0.823          1      0.995      0.822
                     m         12         12      0.937          1      0.995      0.627
                     n         17         17      0.948      0.824      0.922      0.659
                  neuf         10         10      0.932          1      0.995       0.74
               neutron          6          6      0.887          1      0.995      0.772
                  note          4          4      0.867          1      0.995      0.895
                  oeil         23         23      0.967      0.957      0.992      0.705
                 omega          1          1      0.641          1      0.995      0.697
                  ordi          7          7      0.926          1      0.995      0.742
                     p          2          2          1          0     0.0573     0.0401
                    pi         14         14      0.989          1      0.995      0.687
                     q          1          1          1          0      0.995      0.597
                quatre         47         50       0.97          1      0.992      0.683
                     r          2          2      0.686        0.5      0.513      0.103
    rectangle_vertical          4          4      0.684          1      0.995      0.796
              s_cercle          1          1          0          0          0          0
                  sept         57         58      0.991          1      0.995       0.68
                 sigma          5          5      0.809        0.6      0.928      0.629
                   six         87         95      0.998          1      0.995      0.672
                 slash         43         51      0.925      0.972       0.99      0.598
                     t         13         13      0.954          1      0.995      0.676
                tortue          3          3      0.809          1      0.995      0.687
              triangle          5          5      0.896          1      0.995      0.737
     triangle_inverses          5          5      0.841          1      0.995      0.808
                 trois         21         25      0.892          1      0.988      0.648
         trois_inverse          2          2      0.772          1      0.995      0.696
                     u         23         34      0.983          1      0.995      0.744
                    un         53         77      0.994          1      0.995       0.59
Speed: 0.2ms preprocess, 2.2ms inference, 0.0ms loss, 1.2ms postprocess per image
Results saved to C:\Users\antoi\Documents\projet optique\prototype\OPTIC-\runs\detect\train2